G.Nodes.CO2PPM(1)=996.6120636
G.Nodes.CO2PPM(2)=983.9156205
G.Nodes.CO2PPM(3)=1264.900711
G.Nodes.CO2PPM(4)=1232.388219
G.Nodes.CO2PPM(5)=1472.228867
G.Nodes.CO2PPM(6)=1920.11254
G.Nodes.CO2PPM(7)=1873.788987
G.Nodes.CO2PPM(8)=1157.274306
G.Nodes.CO2PPM(9)=1340.916617
G.Nodes.CO2PPM(10)=1892.539037
G.Nodes.CO2PPM(11)=399.711058
G.Nodes.CO2PPM(12)=217.0682257
G.Nodes.CO2PPM(13)=212.2012142
G.Nodes.CO2PPM(14)=479.1613626
G.Nodes.CO2PPM(15)=280.3779801

G.Nodes.CO2PPM(1)=354.4090652
G.Nodes.CO2PPM(2)=396.6679105
G.Nodes.CO2PPM(3)=490.4502707
G.Nodes.CO2PPM(4)=419.0272134
G.Nodes.CO2PPM(5)=448.9599017
G.Nodes.CO2PPM(6)=467.335352
G.Nodes.CO2PPM(7)=855.832457
G.Nodes.CO2PPM(8)=1106.093412
G.Nodes.CO2PPM(9)=907.6560774
G.Nodes.CO2PPM(10)=1897.360107
G.Nodes.CO2PPM(11)=2389.350895
G.Nodes.CO2PPM(12)=3306.868441
G.Nodes.CO2PPM(13)=6282.093933
G.Nodes.CO2PPM(14)=4318.680824
G.Nodes.CO2PPM(15)=2140.776143

G.Nodes.CO2PPM(1)=115.8375124
G.Nodes.CO2PPM(2)=108.1782023
G.Nodes.CO2PPM(3)=408.8927741
G.Nodes.CO2PPM(4)=269.6877938
G.Nodes.CO2PPM(5)=186.4826736
G.Nodes.CO2PPM(6)=191.967087
G.Nodes.CO2PPM(7)=142.1173403
G.Nodes.CO2PPM(8)=284.5410873
G.Nodes.CO2PPM(9)=173.8473731
G.Nodes.CO2PPM(10)=196.7646418
G.Nodes.CO2PPM(11)=391.1809854
G.Nodes.CO2PPM(12)=1441.194786
G.Nodes.CO2PPM(13)=392.8328804
G.Nodes.CO2PPM(14)=647.8635045
G.Nodes.CO2PPM(15)=543.6586632
